1 1 30 1 328807
1 2 30 1 328842
1 3 30 1 328868
1 4 30 1 328898
1 5 30 1 328938
1 6 30 1 328969
1 7 30 1 328988
1 8 30 1 329019
1 9 30 1 329049
1 10 30 1 329077
1 11 30 1 329110
1 12 30 1 329141
1 13 30 1 329170
1 14 30 1 329202
1 15 30 1 329236
1 16 30 1 329260
1 17 30 1 329291
1 18 30 1 329318
1 19 30 1 329350
1 20 30 1 329376
1 21 30 1 329407
1 22 30 1 329443
1 24 30 1 329501
1 26 30 1 329563
1 27 30 1 329586
1 28 30 1 329622
1 29 30 1 329651
1 31 30 1 329707
1 32 30 1 329750
1 33 30 1 329774
1 34 30 1 329794
1 35 30 1 329829
1 39 30 1 329950
1 40 30 1 329983
1 41 30 1 330011
1 44 30 1 330103
1 46 30 1 330163
1 47 30 1 330199
1 48 30 1 330218
1 51 30 1 330311
1 52 30 1 330345
1 54 30 1 330396
1 55 30 1 330433
1 56 30 1 330461
1 57 30 1 330486
1 60 30 1 330584
1 61 30 1 330621
1 62 30 1 330638
1 63 30 1 330665
1 64 30 1 330700
1 66 30 1 330755
1 67 30 1 330795
1 68 30 1 330825
1 72 30 1 330947
1 73 30 1 330964
1 74 30 1 331008
1 75 30 1 331031
1 76 30 1 331066
1 77 30 1 331087
1 79 30 1 331158
1 81 30 1 331208
1 82 30 1 331250
1 83 30 1 331271
1 84 30 1 331297
1 86 30 1 331362
1 87 30 1 331392
1 88 30 1 331430
1 89 30 1 331458
1 90 30 1 331481
1 91 30 1 331513
1 92 30 1 331549
1 93 30 1 331574
1 94 30 1 331600
1 95 30 1 331632
1 96 30 1 331659
1 97 30 1 331690
1 98 30 1 331715
1 100 30 1 331783
1 102 40 1 331862
1 103 40 1 331902
1 104 40 1 331951
1 105 40 1 331981
1 106 40 1 332030
1 107 40 1 332062
1 109 40 1 332147
1 110 40 1 332176
1 111 40 1 332224
1 112 40 1 332261
1 113 40 1 332308
1 114 40 1 332342
1 115 40 1 332376
1 116 40 1 332425
1 118 40 1 332509
1 119 40 1 332537
1 120 40 1 332585
1 121 40 1 332623
1 123 40 1 332701
1 124 40 1 332736
1 126 40 1 332828
1 127 40 1 332864
1 128 40 1 332906
1 129 40 1 332942
1 130 40 1 332983
1 131 40 1 333021
1 132 40 1 333057
1 133 40 1 333106
1 134 40 1 333137
1 135 40 1 333176
1 137 40 1 333271
1 138 40 1 333303
1 139 40 1 333341
1 140 40 1 333389
1 141 40 1 333428
1 142 40 1 333458
1 143 40 1 333505
1 144 40 1 333540
1 146 40 1 333620
1 147 40 1 333665
1 148 40 1 333699
1 149 40 1 333742
1 150 40 1 333780
1 152 40 1 333853
1 153 40 1 333903
1 154 40 1 333949
1 156 40 1 334025
1 157 40 1 334068
1 161 40 1 334223
1 166 40 1 334420
1 168 40 1 334507
1 171 40 1 334622
1 172 40 1 334662
1 173 40 1 334699
1 174 40 1 334745
1 175 40 1 334784
1 176 40 1 334823
1 177 40 1 334861
1 178 40 1 334907
1 179 40 1 334942
1 180 40 1 334984
1 181 40 1 335019
1 183 40 1 335108
1 184 40 1 335142
1 185 40 1 335178
1 186 40 1 335221
1 187 40 1 335267
1 188 40 1 335295
1 189 40 1 335345
1 190 40 1 335380
1 191 40 1 335429
1 192 40 1 335462
1 193 40 1 335497
1 194 40 1 335549
1 195 40 1 335580
1 196 40 1 335620
1 197 40 1 335665
1 198 40 1 335706
1 199 40 1 335735
1 200 40 1 335781
1 201 50 1 335829
1 202 50 1 335875
1 203 50 1 335939
1 205 50 1 336026
1 206 50 1 336078
1 207 50 1 336131
1 208 50 1 336183
1 209 50 1 336233
1 210 50 1 336289
1 211 50 1 336330
1 212 50 1 336381
1 213 50 1 336440
1 214 50 1 336482
1 215 50 1 336529
1 216 50 1 336582
1 217 50 1 336634
1 218 50 1 336683
1 219 50 1 336736
1 220 50 1 336787
1 221 50 1 336832
1 222 50 1 336885
1 223 50 1 336933
1 224 50 1 336980
1 225 50 1 337039
1 226 50 1 337076
1 228 50 1 337179
1 229 50 1 337227
1 230 50 1 337288
1 231 50 1 337332
1 232 50 1 337384
1 233 50 1 337434
1 235 50 1 337533
1 236 50 1 337589
1 237 50 1 337640
1 238 50 1 337673
1 239 50 1 337727
1 240 50 1 337782
1 241 50 1 337835
1 242 50 1 337883
1 243 50 1 337934
1 244 50 1 337981
1 245 50 1 338027
1 246 50 1 338087
1 247 50 1 338126
1 248 50 1 338188
1 249 50 1 338231
1 250 50 1 338278
1 251 50 1 338335
1 252 50 1 338380
1 253 50 1 338425
1 254 50 1 338477
1 258 50 1 338683
1 259 50 1 338731
1 260 50 1 338788
1 262 50 1 338881
1 263 50 1 338929
1 264 50 1 338984
1 265 50 1 339032
1 266 50 1 339082
1 269 50 1 339233
1 270 50 1 339286
1 271 50 1 339329
1 272 50 1 339380
1 274 50 1 339484
1 275 50 1 339529
1 276 50 1 339591
1 277 50 1 339627
1 278 50 1 339684
1 279 50 1 339725
1 280 50 1 339781
1 281 50 1 339831
1 282 50 1 339877
1 284 50 1 339979
1 286 50 1 340082
1 346 70 1 344005
1 347 70 1 344071
1 349 70 1 344208
1 357 70 1 344773
1 358 70 1 344840
1 359 70 1 344909
1 360 70 1 344986
1 361 70 1 345051
1 362 70 1 345120
1 363 70 1 345192
1 364 70 1 345263
1 365 70 1 345334
1 367 70 1 345478
1 368 70 1 345543
1 369 70 1 345619
1 370 70 1 345683
1 371 70 1 345745
1 372 70 1 345823
1 373 70 1 345896
1 374 70 1 345968
1 375 70 1 346034
1 376 70 1 346100
1 377 70 1 346169
1 378 70 1 346242
1 379 70 1 346309
1 380 70 1 346384
1 381 70 1 346447
1 382 70 1 346521
1 383 70 1 346589
1 384 70 1 346665
1 385 70 1 346737
1 386 70 1 346804
1 387 70 1 346863
1 388 70 1 346944
1 389 70 1 347015
1 390 70 1 347087
1 391 70 1 347149
1 392 70 1 347215
1 393 70 1 347287
1 394 70 1 347368
1 395 70 1 347437
1 396 70 1 347497
1 397 70 1 347563
1 398 70 1 347640
1 399 70 1 347709
1 400 70 1 347781
1 401 100 1 347874
1 402 100 1 347980
1 403 100 1 348078
1 404 100 1 348182
1 405 100 1 348278
1 407 100 1 348488
1 408 100 1 348575
1 409 100 1 348686
1 410 100 1 348791
1 411 100 1 348886
1 412 100 1 348974
1 413 100 1 349083
1 415 100 1 349284
1 416 100 1 349380
1 417 100 1 349481
1 418 100 1 349582
1 419 100 1 349678
1 420 100 1 349785
1 421 100 1 349885
1 422 100 1 349977
1 423 100 1 350085
1 427 100 1 350484
1 428 100 1 350582
1 429 100 1 350685
1 430 100 1 350783
1 431 100 1 350888
1 432 100 1 350984
1 433 100 1 351087
1 434 100 1 351184
1 435 100 1 351283
1 437 100 1 351484
1 439 100 1 351679
1 440 100 1 351774
1 441 100 1 351873
1 442 100 1 351980
1 443 100 1 352076
1 444 100 1 352179
1 446 100 1 352385
1 447 100 1 352483
1 448 100 1 352582
1 449 100 1 352676
1 450 100 1 352781
1 451 100 1 352885
1 453 100 1 353087
1 454 100 1 353187
1 455 100 1 353277
1 456 100 1 353377
1 457 100 1 353476
1 458 100 1 353581
1 459 100 1 353685
1 460 100 1 353777
1 461 100 1 353884
1 462 100 1 353982
1 463 100 1 354090
1 464 100 1 354176
1 465 100 1 354280
1 467 100 1 354484
1 470 100 1 354779
1 471 100 1 354882
1 472 100 1 354984
1 473 100 1 355075
1 474 100 1 355181
1 475 100 1 355279
1 476 100 1 355383
1 477 100 1 355477
1 478 100 1 355585
1 480 100 1 355782
1 481 100 1 355885
1 503 200 1 358384
1 504 200 1 358585
1 505 200 1 358782
1 506 200 1 358984
1 507 200 1 359188
1 508 200 1 359378
1 509 200 1 359575
1 510 200 1 359789
1 511 200 1 359976
1 513 200 1 360375
1 515 200 1 360778
1 516 200 1 360982
1 527 200 1 363188
1 532 200 1 364179
1 534 200 1 364584
1 535 200 1 364788
1 536 200 1 364986
1 540 200 1 365778
1 541 200 1 365978
1 542 200 1 366179
1 543 200 1 366383
1 556 200 1 368978
1 558 200 1 369386
1 560 200 1 369774
1 561 200 1 369981
1 562 200 1 370179
1 563 200 1 370379
1 564 200 1 370581
1 565 200 1 370777
1 566 200 1 370981
1 567 200 1 371189
1 568 200 1 371386
1 569 200 1 371578
1 570 200 1 371778
1 571 200 1 371988
1 573 200 1 372377
1 574 200 1 372588
1 575 200 1 372779
1 576 200 1 372983
1 577 200 1 373176
1 578 200 1 373382
1 579 200 1 373583
1 580 200 1 373776
1 581 200 1 373980
1 582 200 1 374189
1 583 200 1 374381
1 584 200 1 374583
1 585 200 1 374781
1 586 200 1 374978
1 587 200 1 375182
1 588 200 1 375379
1 589 200 1 375577
1 590 200 1 375781
1 591 200 1 375986
1 592 200 1 376183
1 593 200 1 376378
1 594 200 1 376579
1 596 200 1 376984
1 597 200 1 377180
1 598 200 1 377382
1 599 200 1 377587
1 600 200 1 377782
1 601 300 1 378087
1 603 300 1 378677
1 604 300 1 378982
1 605 300 1 379286
1 606 300 1 379588
1 607 300 1 379881
1 608 300 1 380174
1 610 300 1 380776
1 611 300 1 381086
1 612 300 1 381386
1 613 300 1 381682
1 614 300 1 381984
1 615 300 1 382279
1 616 300 1 382578
1 617 300 1 382891
1 618 300 1 383184
1 619 300 1 383487
1 620 300 1 383782
1 621 300 1 384080
1 622 300 1 384379
1 623 300 1 384682
1 624 300 1 384981
1 625 300 1 385282
1 626 300 1 385578
1 627 300 1 385882
1 628 300 1 386182
1 629 300 1 386486
1 632 300 1 387380
1 633 300 1 387687
1 634 300 1 387978
1 635 300 1 388281
1 636 300 1 388580
1 637 300 1 388883
1 638 300 1 389176
1 639 300 1 389478
1 640 300 1 389781
1 641 300 1 390076
1 642 300 1 390382
1 643 300 1 390682
1 644 300 1 390984
1 645 300 1 391280
1 646 300 1 391580
1 647 300 1 391876
1 648 300 1 392179
1 649 300 1 392485
1 650 300 1 392788
1 651 300 1 393078
1 652 300 1 393381
1 653 300 1 393677
1 654 300 1 393983
1 655 300 1 394281
1 656 300 1 394579
1 657 300 1 394882
1 658 300 1 395174
1 659 300 1 395489
1 660 300 1 395776
1 661 300 1 396084
1 662 300 1 396381
1 663 300 1 396679
1 664 300 1 396986
1 665 300 1 397279
1 666 300 1 397573
1 667 300 1 397874
1 668 300 1 398182
1 669 300 1 398477
1 670 300 1 398775
1 671 300 1 399080
1 672 300 1 399389
1 673 300 1 399675
1 675 300 1 400278
1 677 300 1 400876
1 679 300 1 401486
1 680 300 1 401783
1 681 300 1 402084
1 682 300 1 402374
1 683 300 1 402678
1 684 300 1 402987
1 685 300 1 403283
1 686 300 1 403580
1 688 300 1 404181
1 689 300 1 404480
1 690 300 1 404784
1 691 300 1 405084
1 692 300 1 405383
1 693 300 1 405679
1 694 300 1 405978
1 695 300 1 406285
1 696 300 1 406581
1 697 300 1 406881
1 698 300 1 407185
1 699 300 1 407486
1 700 300 1 407775
1 701 500 1 408282
1 702 500 1 408783
1 703 500 1 409286
1 704 500 1 409774
1 705 500 1 410285
1 706 500 1 410785
1 707 500 1 411283
1 708 500 1 411775
1 709 500 1 412277
1 710 500 1 412777
1 711 500 1 413279
1 712 500 1 413772
1 713 500 1 414286
1 714 500 1 414776
1 715 500 1 415283
1 716 500 1 415776
1 717 500 1 416284
1 718 500 1 416777
1 719 500 1 417280
1 721 500 1 418282
1 722 500 1 418776
1 724 500 1 419781
1 725 500 1 420277
1 726 500 1 420777
1 727 500 1 421281
1 728 500 1 421779
1 729 500 1 422280
1 730 500 1 422785
1 731 500 1 423273
1 732 500 1 423782
1 733 500 1 424277
1 734 500 1 424779
1 735 500 1 425279
1 736 500 1 425781
1 737 500 1 426279
1 738 500 1 426785
1 740 500 1 427781
1 741 500 1 428280
1 742 500 1 428777
1 743 500 1 429278
1 744 500 1 429776
1 745 500 1 430282
1 746 500 1 430782
1 747 500 1 431280
1 748 500 1 431774
1 749 500 1 432279
1 750 500 1 432782
1 751 500 1 433283
1 752 500 1 433778
1 753 500 1 434284
1 754 500 1 434782
1 755 500 1 435276
1 756 500 1 435786
1 757 500 1 436278
1 758 500 1 436779
1 759 500 1 437274
1 760 500 1 437781
1 761 500 1 438278
1 762 500 1 438783
1 763 500 1 439286
1 764 500 1 439776
1 765 500 1 440274
1 766 500 1 440782
1 767 500 1 441274
1 768 500 1 441778
1 769 500 1 442283
1 770 500 1 442782
1 771 500 1 443278
1 772 500 1 443783
1 773 500 1 444274
1 774 500 1 444775
1 775 500 1 445277
1 776 500 1 445773
1 777 500 1 446276
1 778 500 1 446772
1 779 500 1 447278
1 780 500 1 447787
1 781 500 1 448277
1 782 500 1 448784
1 783 500 1 449277
1 784 500 1 449780
1 785 500 1 450276
1 786 500 1 450778
1 787 500 1 451287
1 788 500 1 451776
1 789 500 1 452276
1 790 500 1 452774
1 791 500 1 453280
1 792 500 1 453783
1 793 500 1 454280
1 794 500 1 454780
1 795 500 1 455278
1 796 500 1 455776
1 797 500 1 456282
1 798 500 1 456781
1 799 500 1 457277
1 800 500 1 457779
